#      xpix        ypix        flux     vel_pix    disp_pix
    -3.5126     -9.9999      0.1058     63.8644    114.0520
    -1.0127     -9.9999      0.1066     84.3742     81.5648
     1.4873     -9.9999      0.1045     29.2748    102.7920
    -5.0125     -9.4999      0.1027     91.9801     82.1342
    -4.5125     -9.4999      0.1042     91.9801     82.1342
    -3.5126     -9.4999      0.1070     63.8644    114.0520
    -3.0126     -9.4999      0.1095     67.9109    110.3762
    -2.5126     -9.4999      0.1095     67.9109    110.3762
    -2.0126     -9.4999      0.1096     67.9109    110.3762
    -1.5126     -9.4999      0.1099     78.7499     94.3374
    -1.0127     -9.4999      0.1078     84.3742     81.5648
    -0.5127     -9.4999      0.1085     84.3742     81.5648
    -0.0127     -9.4999      0.1074     38.2353    128.4797
     0.4873     -9.4999      0.1072     38.2353    128.4797
     0.9873     -9.4999      0.1078     38.2353    128.4797
     1.4873     -9.4999      0.1062     29.2748    102.7920
     1.9872     -9.4999      0.1070     29.2748    102.7920
     2.4872     -9.4999      0.1053     11.8991    108.8391
     2.9872     -9.4999      0.1032     11.8991    108.8391
     3.4872     -9.4999      0.1011      2.1855    108.8642
     3.9872     -9.4999      0.0967    -20.7895    107.0714
     4.4872     -9.4999      0.0944    -20.7895    107.0714
     4.9871     -9.4999      0.0923    -20.7895    107.0714
     5.4871     -9.4999      0.0910    -20.7895    107.0714
    -5.5125     -8.9999      0.1055     91.9801     82.1342
    -5.0125     -8.9999      0.1084     91.9801     82.1342
    -4.5126     -8.9999      0.1098     91.9801     82.1342
    -4.0126     -8.9999      0.1100     63.8644    114.0520
    -3.5126     -8.9999      0.1124     63.8644    114.0520
    -3.0126     -8.9999      0.1137     67.9109    110.3762
    -2.5126     -8.9999      0.1166     67.9109    110.3762
    -2.0126     -8.9999      0.1170     67.9109    110.3762
    -1.5126     -8.9999      0.1150     78.7499     94.3374
    -1.0127     -8.9999      0.1165     84.3742     81.5648
    -0.5127     -8.9999      0.1164     84.3742     81.5648
    -0.0127     -8.9999      0.1155     45.8743    124.7916
     0.4873     -8.9999      0.1159     38.2353    128.4797
     0.9873     -8.9999      0.1142     38.2353    128.4797
     1.4873     -8.9999      0.1155     29.2748    102.7920
     1.9872     -8.9999      0.1144     29.2748    102.7920
     2.4872     -8.9999      0.1126     11.8991    108.8391
     2.9872     -8.9999      0.1112     11.8991    108.8391
     3.4872     -8.9999      0.1072      2.1855    108.8642
     3.9872     -8.9999      0.1045      2.1855    108.8642
     4.4872     -8.9999      0.1003    -20.7895    107.0714
     4.9872     -8.9999      0.0979    -20.7895    107.0714
     5.4871     -8.9999      0.0975    -18.4537    136.9028
     5.9871     -8.9999      0.0982    -59.6536    138.2844
     6.4871     -8.9999      0.1000    -59.6536    138.2844
    -6.0125     -8.4999      0.1113    107.8038    105.7070
    -5.5125     -8.4999      0.1141    107.8038    105.7070
    -5.0126     -8.4999      0.1177     91.9801     82.1342
    -4.5126     -8.4999      0.1204     93.4232    101.2037
    -4.0126     -8.4999      0.1219     80.9747     99.4842
    -3.5126     -8.4999      0.1252     71.2966    100.5472
    -3.0126     -8.4999      0.1264     67.3028    101.4740
    -2.5126     -8.4999      0.1288     67.9109    110.3762
    -2.0126     -8.4999      0.1295     69.3922    104.1034
    -1.5127     -8.4999      0.1300     78.7499     94.3374
    -1.0127     -8.4999      0.1311     58.8129    111.2311
    -0.5127     -8.4999      0.1294     45.8743    124.7916
    -0.0127     -8.4999      0.1297     45.8743    124.7916
     0.4873     -8.4999      0.1278     45.8743    124.7916
     0.9873     -8.4999      0.1285     15.5836    124.8967
     1.4873     -8.4999      0.1292     29.2748    102.7920
     1.9872     -8.4999      0.1272     29.2748    102.7920
     2.4872     -8.4999      0.1255     11.8991    108.8391
     2.9872     -8.4999      0.1205     -8.6116    132.1551
     3.4872     -8.4999      0.1183      2.1855    108.8642
     3.9872     -8.4999      0.1149     -0.0243    125.3752
     4.4872     -8.4999      0.1113      0.5734    134.0762
     4.9872     -8.4999      0.1077    -18.4537    136.9028
     5.4871     -8.4999      0.1064    -18.4537    136.9028
     5.9871     -8.4999      0.1052    -59.6536    138.2844
    -7.0125     -8.0000      0.1220    122.8521    119.1737
    -6.5125     -7.9999      0.1206    122.8521    119.1737
    -6.0125     -7.9999      0.1217    107.8038    105.7070
    -5.5125     -7.9999      0.1258    107.8038    105.7070
    -5.0126     -7.9999      0.1293     93.4232    101.2037
    -4.5126     -7.9999      0.1347     93.4232    101.2037
    -4.0126     -7.9999      0.1383     80.9747     99.4842
    -3.5126     -7.9999      0.1396     71.2966    100.5472
    -3.0126     -7.9999      0.1444     67.3028    101.4740
    -2.5126     -7.9999      0.1468     69.3922    104.1034
    -2.0126     -7.9999      0.1501     69.3922    104.1034
    -1.5127     -7.9999      0.1504     58.8129    111.2311
    -1.0127     -7.9999      0.1481     58.8129    111.2311
    -0.5127     -7.9999      0.1505     45.7087    120.4829
    -0.0127     -7.9999      0.1502     27.6927    129.5443
     0.4873     -7.9999      0.1515     27.6927    129.5443
     0.9873     -7.9999      0.1489     15.5836    124.8967
     1.4873     -7.9999      0.1448      5.5375    113.9945
     1.9872     -7.9999      0.1450      5.5375    113.9945
     2.4872     -7.9999      0.1430     -4.8688    118.6133
     2.9872     -7.9999      0.1414     -8.6116    132.1551
     3.4872     -7.9999      0.1347     -6.0667    126.8630
     3.9872     -7.9999      0.1291     -0.0243    125.3752
     4.4872     -7.9999      0.1229      0.5734    134.0762
     4.9872     -7.9999      0.1190      0.5734    134.0762
     5.4872     -7.9999      0.1158    -18.4537    136.9028
     5.9871     -7.9999      0.1120    -59.6536    138.2844
     6.4871     -7.9999      0.1098    -59.6536    138.2844
    -6.5125     -7.4999      0.1296    122.8521    119.1737
    -6.0125     -7.4999      0.1316    121.8265    115.1776
    -5.5126     -7.4999      0.1357    109.9406    101.2323
    -5.0126     -7.4999      0.1421    109.9406    101.2323
    -4.5126     -7.4999      0.1469    102.2210     97.5281
    -4.0126     -7.4999      0.1501     96.0319     94.8409
    -3.5126     -7.4999      0.1563     88.0384     83.9651
    -3.0126     -7.4999      0.1592     81.9276     83.3865
    -2.5126     -7.4999      0.1643     75.2324     90.6368
    -2.0126     -7.4999      0.1666     65.1278    105.6606
    -1.5127     -7.4999      0.1686     54.8920    118.1910
    -1.0127     -7.4999      0.1721     47.4748    118.5740
    -0.5127     -7.4999      0.1740     38.2548    121.1148
    -0.0127     -7.4999      0.1712     30.7143    120.6628
     0.4873     -7.4999      0.1705     29.2570    124.7779
     0.9873     -7.4999      0.1689     22.0362    120.4573
     1.4873     -7.4999      0.1702      7.3454    116.0154
     1.9873     -7.4999      0.1659     -4.5726    115.9202
     2.4872     -7.4999      0.1593    -14.3204    114.7227
     2.9872     -7.4999      0.1560    -14.6290    124.8272
     3.4872     -7.4999      0.1515    -10.2746    126.7510
     3.9872     -7.4999      0.1477     -4.0052    125.1188
     4.4872     -7.4999      0.1377     -4.0052    125.1188
     4.9872     -7.4999      0.1289     -9.1038    132.4063
     5.4872     -7.4999      0.1226    -41.3780    135.1203
     5.9872     -7.4999      0.1180    -41.3780    135.1203
     6.4871     -7.4999      0.1148    -60.6121    122.2667
     6.9871     -7.5000      0.1123    -62.8910    115.5846
    -6.5125     -6.9999      0.1385    126.4416    120.4005
    -6.0126     -6.9999      0.1442    121.8265    115.1776
    -5.5126     -6.9999      0.1485    119.3555    113.9388
    -5.0126     -6.9999      0.1524    113.3136    108.5358
    -4.5126     -6.9999      0.1601    105.6386    105.5061
    -4.0126     -6.9999      0.1682     99.9702     96.9694
    -3.5126     -6.9999      0.1783     93.8948     89.8566
    -3.0126     -6.9999      0.1804     83.8713     87.9661
    -2.5126     -6.9999      0.1823     76.1784     96.0521
    -2.0126     -6.9999      0.1864     70.1682    103.6872
    -1.5127     -6.9999      0.1936     59.5845    119.8219
    -1.0127     -6.9999      0.2016     46.2580    116.9017
    -0.5127     -6.9999      0.1990     40.0452    116.1691
    -0.0127     -6.9999      0.1964     35.5167    113.8159
     0.4873     -6.9999      0.1921     33.9629    116.7642
     0.9873     -6.9999      0.1945     25.3071    122.3338
     1.4873     -6.9999      0.1961     10.5888    121.0805
     1.9873     -6.9999      0.1901     -3.9906    124.4166
     2.4872     -6.9999      0.1811    -11.8743    122.4737
     2.9872     -6.9999      0.1700    -17.7314    122.7320
     3.4872     -6.9999      0.1682    -15.0391    113.3107
     3.9872     -6.9999      0.1652    -15.5226    118.9006
     4.4872     -6.9999      0.1564    -14.4741    117.6208
     4.9872     -6.9999      0.1427    -21.3498    123.7157
     5.4872     -6.9999      0.1322    -41.3780    135.1203
     5.9872     -6.9999      0.1249    -41.3780    135.1203
     6.4871     -6.9999      0.1224    -60.6121    122.2667
     6.9871     -7.0000      0.1197    -62.8910    115.5846
    -7.0125     -6.5000      0.1407    137.1041    119.2496
    -6.5126     -6.4999      0.1477    126.4416    120.4005
    -6.0126     -6.4999      0.1544    116.2588    116.9830
    -5.5126     -6.4999      0.1642    116.8148    114.7517
    -5.0126     -6.4999      0.1690    117.3114    110.0804
    -4.5126     -6.4999      0.1812    111.8742    108.5691
    -4.0126     -6.4999      0.1906    104.1243    106.3101
    -3.5126     -6.4999      0.1967     92.7289    102.6398
    -3.0126     -6.4999      0.2067     86.2934    102.5684
    -2.5126     -6.4999      0.2137     78.2163    108.2947
    -2.0127     -6.4999      0.2247     72.8414    118.6477
    -1.5127     -6.4999      0.2305     61.6576    121.7545
    -1.0127     -6.4999      0.2295     47.1791    119.6313
    -0.5127     -6.4999      0.2368     42.3483    113.8685
    -0.0127     -6.4999      0.2375     34.9768    115.5684
     0.4873     -6.4999      0.2393     30.2984    121.6523
     0.9873     -6.4999      0.2356     21.9960    129.9515
     1.4873     -6.4999      0.2280     14.1963    132.4395
     1.9873     -6.4999      0.2240      2.6810    130.5255
     2.4872     -6.4999      0.2169     -7.8792    130.1288
     2.9872     -6.4999      0.2107    -19.1924    128.1558
     3.4872     -6.4999      0.1965    -22.7559    116.6643
     3.9872     -6.4999      0.1877    -24.5539    112.1709
     4.4872     -6.4999      0.1756    -27.5880    110.1269
     4.9872     -6.4999      0.1646    -35.4722    121.8904
     5.4872     -6.4999      0.1527    -47.5673    132.0883
     5.9872     -6.4999      0.1403    -57.6950    135.6807
     6.4872     -6.4999      0.1340    -58.7485    119.0183
     6.9872     -6.5000      0.1277    -58.7485    119.0183
     7.4871     -6.5000      0.1273    -61.2768    118.2470
    -7.0126     -6.0000      0.1531    143.1677    117.4813
    -6.5126     -5.9999      0.1602    130.0757    116.3526
    -6.0126     -5.9999      0.1704    122.9644    110.6519
    -5.5126     -5.9999      0.1809    116.1634    107.5468
    -5.0126     -5.9999      0.1929    115.8160    106.7356
    -4.5126     -5.9999      0.2028    113.4396    112.0267
    -4.0126     -5.9999      0.2130    103.6281    112.5598
    -3.5126     -5.9999      0.2260     94.6243    110.0054
    -3.0126     -5.9999      0.2417     87.6074    115.4171
    -2.5126     -5.9999      0.2536     83.2526    115.9572
    -2.0127     -5.9999      0.2641     74.4632    125.8820
    -1.5127     -5.9999      0.2734     63.4790    126.1313
    -1.0127     -5.9999      0.2804     52.7822    124.8329
    -0.5127     -5.9999      0.2863     39.1098    120.8597
    -0.0127     -5.9999      0.2853     28.9908    121.2572
     0.4873     -5.9999      0.2865     21.9226    126.5567
     0.9873     -5.9999      0.2864     18.1649    132.2166
     1.4873     -5.9999      0.2799     13.0176    133.4406
     1.9873     -5.9999      0.2684      4.7760    134.5574
     2.4873     -5.9999      0.2580     -8.1772    133.7279
     2.9872     -5.9999      0.2452    -21.3483    129.7236
     3.4872     -5.9999      0.2319    -28.8301    118.4376
     3.9872     -5.9999      0.2195    -32.3346    107.1641
     4.4872     -5.9999      0.2023    -36.5737    111.1625
     4.9872     -5.9999      0.1922    -43.6914    124.4259
     5.4872     -5.9999      0.1712    -52.2670    139.0784
     5.9872     -5.9999      0.1589    -61.0727    143.9209
     6.4872     -5.9999      0.1496    -61.6351    128.6475
     6.9872     -6.0000      0.1415    -61.2768    118.2470
     7.4872     -6.0000      0.1352    -61.2768    118.2470
    -8.0125     -5.5000      0.1592    168.0123    102.0783
    -7.5126     -5.5000      0.1616    162.5540    107.1461
    -7.0126     -5.5000      0.1683    154.9604    113.6620
    -6.5126     -5.4999      0.1757    142.3252    114.7294
    -6.0126     -5.4999      0.1893    129.5846    113.0809
    -5.5126     -5.4999      0.2000    124.5925    109.4026
    -5.0126     -5.4999      0.2120    119.8927    112.7423
    -4.5126     -5.4999      0.2278    113.1250    115.8861
    -4.0126     -5.4999      0.2435    105.8453    118.5346
    -3.5126     -5.4999      0.2649    100.4295    120.7408
    -3.0126     -5.4999      0.2798     92.6519    124.6267
    -2.5126     -5.4999      0.2953     85.8947    130.2360
    -2.0127     -5.4999      0.3099     76.1114    134.7303
    -1.5127     -5.4999      0.3254     63.3227    137.5285
    -1.0127     -5.4999      0.3428     50.5364    130.8946
    -0.5127     -5.4999      0.3448     36.6122    129.7376
    -0.0127     -5.4999      0.3455     24.7511    127.6717
     0.4873     -5.4999      0.3394     14.9012    129.8758
     0.9873     -5.4999      0.3374     11.6603    127.6202
     1.4873     -5.4999      0.3349     10.6050    128.4486
     1.9873     -5.4999      0.3250      4.6773    129.4283
     2.4873     -5.4999      0.3048     -8.8466    130.3180
     2.9872     -5.4999      0.2823    -20.5982    126.2373
     3.4872     -5.4999      0.2662    -32.2785    117.0051
     3.9872     -5.4999      0.2534    -38.3446    113.6546
     4.4872     -5.4999      0.2361    -43.5140    115.0917
     4.9872     -5.4999      0.2147    -50.3222    132.1045
     5.4872     -5.4999      0.1958    -56.7231    145.4152
     5.9872     -5.4999      0.1742    -61.2468    150.9296
     6.4872     -5.4999      0.1640    -62.2012    130.8510
     6.9872     -5.5000      0.1513    -60.7716    121.2520
     7.4872     -5.5000      0.1409    -73.9394    133.3528
     7.9872     -5.5000      0.1348    -90.2103    155.7788
    -7.5126     -5.0000      0.1734    169.9797    101.0571
    -7.0126     -5.0000      0.1825    162.2708    106.1561
    -6.5126     -4.9999      0.1907    154.2158    111.3984
    -6.0126     -4.9999      0.2011    141.9996    113.4179
    -5.5126     -4.9999      0.2206    134.5766    114.4750
    -5.0126     -4.9999      0.2369    126.8201    115.3444
    -4.5126     -4.9999      0.2601    117.4214    117.4465
    -4.0126     -4.9999      0.2773    109.4465    122.8323
    -3.5126     -4.9999      0.2951    102.8289    125.3205
    -3.0126     -4.9999      0.3272     95.5671    134.8851
    -2.5127     -4.9999      0.3529     87.1736    138.9972
    -2.0127     -4.9999      0.3811     77.6925    144.5661
    -1.5127     -4.9999      0.3927     63.8511    147.1253
    -1.0127     -4.9999      0.3944     49.4729    144.7443
    -0.5127     -4.9999      0.4184     38.1499    140.4559
    -0.0127     -4.9999      0.4297     23.6828    139.6489
     0.4873     -4.9999      0.4319     11.6741    134.0835
     0.9873     -4.9999      0.4152      6.6777    129.0495
     1.4873     -4.9999      0.3907      5.3938    125.5322
     1.9873     -4.9999      0.3782      0.7463    121.6164
     2.4873     -4.9999      0.3654    -11.7643    126.5879
     2.9873     -4.9999      0.3529    -23.8331    127.8565
     3.4872     -4.9999      0.3165    -36.0280    124.9698
     3.9872     -4.9999      0.2900    -44.1960    119.0016
     4.4872     -4.9999      0.2637    -49.0771    119.5148
     4.9872     -4.9999      0.2456    -58.7242    128.8535
     5.4872     -4.9999      0.2256    -67.0227    135.8313
     5.9872     -4.9999      0.1988    -70.4087    137.8139
     6.4872     -4.9999      0.1817    -69.6660    122.4619
     6.9872     -5.0000      0.1613    -65.0253    124.0748
     7.4872     -5.0000      0.1506    -75.0894    125.8891
     7.9872     -5.0000      0.1422    -91.1523    138.8047
    -8.0126     -4.5000      0.1698    170.6961    100.3621
    -7.5126     -4.5000      0.1812    167.2413    102.8863
    -7.0126     -4.5000      0.1928    160.1015    107.4036
    -6.5126     -4.4999      0.2020    153.8158    108.8340
    -6.0126     -4.4999      0.2190    148.9760    116.0697
    -5.5126     -4.4999      0.2382    141.1415    115.0560
    -5.0126     -4.4999      0.2625    130.3750    113.4869
    -4.5126     -4.4999      0.2846    118.9636    118.3607
    -4.0126     -4.4999      0.3059    108.0947    123.3261
    -3.5126     -4.4999      0.3406    102.9531    130.3667
    -3.0127     -4.4999      0.3830     95.0363    142.0986
    -2.5127     -4.4999      0.4190     87.2288    139.7634
    -2.0127     -4.4999      0.4473     76.9934    147.0321
    -1.5127     -4.4999      0.4613     66.4900    150.3904
    -1.0127     -4.4999      0.4947     54.1692    151.2279
    -0.5127     -4.4999      0.5159     37.4736    149.4093
    -0.0127     -4.4999      0.5185     23.1760    149.2437
     0.4873     -4.4999      0.5211     10.9147    143.5836
     0.9873     -4.4999      0.5048      3.4028    135.4080
     1.4873     -4.4999      0.4864     -0.1298    124.2220
     1.9873     -4.4999      0.4549     -6.9042    126.7810
     2.4873     -4.4999      0.4326    -16.5711    125.3284
     2.9873     -4.4999      0.4064    -27.7847    129.4657
     3.4873     -4.4999      0.3749    -39.4719    129.4366
     3.9872     -4.4999      0.3419    -49.6417    125.5320
     4.4872     -4.4999      0.3003    -58.8520    123.7099
     4.9872     -4.4999      0.2824    -66.4392    122.6665
     5.4872     -4.4999      0.2504    -74.2314    123.7528
     5.9872     -4.4999      0.2269    -79.8990    118.8375
     6.4872     -4.4999      0.2049    -79.8552    112.6061
     6.9872     -4.5000      0.1815    -76.1149    110.8507
     7.4872     -4.5000      0.1643    -83.5027    113.2365
     7.9872     -4.5000      0.1505    -93.6037    113.6084
     8.4872     -4.5000      0.1456   -110.8669    103.6586
     8.9872     -4.5000      0.1424   -110.8669    103.6586
    -8.5126     -4.0000      0.1681    169.8599     99.3226
    -8.0126     -4.0000      0.1788    167.1239    103.3147
    -7.5126     -4.0000      0.1919    157.6123    105.8433
    -7.0126     -4.0000      0.2082    153.0257    106.2733
    -6.5126     -3.9999      0.2222    154.6260    111.3193
    -6.0126     -3.9999      0.2444    151.2836    115.2089
    -5.5126     -3.9999      0.2657    142.5615    115.2760
    -5.0126     -3.9999      0.2866    128.3084    115.0510
    -4.5126     -3.9999      0.3225    116.7876    118.3417
    -4.0126     -3.9999      0.3593    107.7080    131.4290
    -3.5126     -3.9999      0.4117     98.8483    141.2337
    -3.0127     -3.9999      0.4518     93.1830    147.1916
    -2.5127     -3.9999      0.4907     85.5317    147.3544
    -2.0127     -3.9999      0.5385     78.2664    149.0120
    -1.5127     -3.9999      0.5935     68.0130    155.2517
    -1.0127     -3.9999      0.6448     55.7421    159.7942
    -0.5127     -3.9999      0.6598     41.9581    162.3351
    -0.0127     -3.9999      0.6475     24.7481    157.5975
     0.4873     -3.9999      0.6117      9.7723    153.2111
     0.9873     -3.9999      0.6146      0.3178    144.8332
     1.4873     -3.9999      0.6017     -6.6515    138.5223
     1.9873     -3.9999      0.5724    -13.3620    137.1152
     2.4873     -3.9999      0.5230    -22.5689    135.7795
     2.9873     -3.9999      0.4849    -32.4472    137.2025
     3.4873     -3.9999      0.4345    -44.6695    136.3667
     3.9873     -3.9999      0.4011    -55.8919    134.5041
     4.4872     -3.9999      0.3594    -65.8408    125.0146
     4.9872     -3.9999      0.3180    -74.6167    118.1420
     5.4872     -3.9999      0.2904    -81.8373    112.1561
     5.9872     -3.9999      0.2530    -88.0102    107.8981
     6.4872     -3.9999      0.2271    -91.2822    106.3014
     6.9872     -4.0000      0.2008    -91.6183    106.1517
     7.4872     -4.0000      0.1787    -94.3847    105.6292
     7.9872     -4.0000      0.1641    -99.9401    100.4048
     8.4872     -4.0000      0.1508   -110.8669    103.6586
    -9.5126     -3.5000      0.1653    168.7542     99.8745
    -9.0126     -3.5000      0.1699    164.5829    105.8393
    -8.5126     -3.5000      0.1778    164.2228    106.2364
    -8.0126     -3.5000      0.1899    159.7200    107.3391
    -7.5126     -3.5000      0.2047    150.8310    106.9505
    -7.0126     -3.5000      0.2275    150.8892    109.6110
    -6.5126     -3.4999      0.2428    155.1103    110.9251
    -6.0126     -3.4999      0.2647    151.7403    115.3060
    -5.5126     -3.4999      0.2969    145.5384    120.3028
    -5.0126     -3.4999      0.3215    129.2590    121.4962
    -4.5126     -3.4999      0.3701    117.4710    130.8200
    -4.0127     -3.4999      0.4156    107.6520    142.2214
    -3.5127     -3.4999      0.4678     99.5287    151.9075
    -3.0127     -3.4999      0.5430     93.3295    157.0321
    -2.5127     -3.4999      0.6061     86.9865    159.2180
    -2.0127     -3.4999      0.7012     78.4311    160.4015
    -1.5127     -3.4999      0.7652     67.5889    166.1209
    -1.0127     -3.4999      0.8044     53.3554    170.4491
    -0.5127     -3.4999      0.8536     41.2613    166.3872
    -0.0127     -3.4999      0.8706     24.3251    168.5685
     0.4873     -3.4999      0.8762     11.2371    164.7891
     0.9873     -3.4999      0.8173     -0.2547    161.1761
     1.4873     -3.4999      0.7550    -10.8126    153.7965
     1.9873     -3.4999      0.6811    -19.9380    147.7963
     2.4873     -3.4999      0.6337    -28.5887    144.8774
     2.9873     -3.4999      0.5888    -40.3405    144.3713
     3.4873     -3.4999      0.5180    -52.4658    140.3862
     3.9873     -3.4999      0.4740    -64.9032    134.7477
     4.4873     -3.4999      0.4068    -75.9782    128.2164
     4.9872     -3.4999      0.3642    -83.3086    118.7819
     5.4872     -3.4999      0.3229    -89.2809    113.7256
     5.9872     -3.4999      0.2792    -96.4575    113.2210
     6.4872     -3.4999      0.2526   -100.3395    107.7036
     6.9872     -3.5000      0.2168   -103.0148    110.3419
     7.4872     -3.5000      0.1931   -107.5912    104.9388
     7.9872     -3.5000      0.1728   -108.8251    101.8218
     8.4872     -3.5000      0.1568   -117.3700     93.7980
     8.9872     -3.5000      0.1465   -126.9147     89.7925
    -9.0126     -3.0000      0.1723    162.9089    104.2476
    -8.5126     -3.0000      0.1835    161.6772    107.4141
    -8.0126     -3.0000      0.1982    159.0454    108.1128
    -7.5126     -3.0000      0.2162    154.3175    108.9654
    -7.0126     -3.0000      0.2348    155.9179    110.4416
    -6.5126     -2.9999      0.2555    157.5699    112.5711
    -6.0126     -2.9999      0.2845    157.9788    114.5695
    -5.5126     -2.9999      0.3209    147.0570    125.0609
    -5.0126     -2.9999      0.3557    132.0459    129.7661
    -4.5127     -2.9999      0.4012    118.7714    142.2462
    -4.0127     -2.9999      0.4621    108.8794    151.9568
    -3.5127     -2.9999      0.5381    101.9977    164.8957
    -3.0127     -2.9999      0.6497     95.8875    171.0076
    -2.5127     -2.9999      0.7409     86.8945    169.4721
    -2.0127     -2.9999      0.8354     76.8711    174.6552
    -1.5127     -2.9999      0.9217     63.9748    177.6281
    -1.0127     -2.9999      1.0867     54.8322    181.5432
    -0.5127     -2.9999      1.1503     36.0100    178.1314
    -0.0127     -2.9999      1.1134     23.1763    180.9199
     0.4873     -2.9999      1.1097     12.2759    177.6453
     0.9873     -2.9999      1.0499      0.5921    172.7525
     1.4873     -2.9999      0.9825    -12.5554    168.2402
     1.9873     -2.9999      0.8467    -23.6743    157.8006
     2.4873     -2.9999      0.7379    -32.0457    151.6921
     2.9873     -2.9999      0.6607    -42.8718    151.3015
     3.4873     -2.9999      0.5941    -55.0949    146.7383
     3.9873     -2.9999      0.5403    -69.6915    137.1952
     4.4873     -2.9999      0.4640    -81.4181    134.9767
     4.9873     -2.9999      0.4068    -89.2180    126.9464
     5.4873     -2.9999      0.3478    -96.4904    118.5401
     5.9872     -2.9999      0.3049   -102.7927    116.0906
     6.4872     -2.9999      0.2756   -109.3312    114.0766
     6.9872     -3.0000      0.2383   -111.7244    114.6152
     7.4872     -3.0000      0.2075   -117.1982    109.9891
     7.9872     -3.0000      0.1789   -117.3722    102.5901
     8.4872     -3.0000      0.1621   -124.6707     97.6683
     8.9872     -3.0000      0.1496   -131.0990     90.9101
     9.4872     -3.0000      0.1410   -137.6812     86.5325
    -9.0126     -2.5000      0.1728    166.6074    103.0661
    -8.5126     -2.5000      0.1875    161.1814    109.0447
    -8.0126     -2.5000      0.2052    156.9338    109.9664
    -7.5126     -2.5000      0.2205    155.2930    106.5664
    -7.0126     -2.5000      0.2465    158.7277    107.5547
    -6.5126     -2.4999      0.2715    160.6979    113.2406
    -6.0126     -2.4999      0.3084    157.3329    121.9546
    -5.5127     -2.4999      0.3453    147.5226    130.8880
    -5.0127     -2.4999      0.3793    131.7532    140.6414
    -4.5127     -2.4999      0.4502    118.8550    146.5886
    -4.0127     -2.4999      0.5277    109.0267    158.6403
    -3.5127     -2.4999      0.6453    101.5734    167.1652
    -3.0127     -2.4999      0.7528     92.9011    178.1628
    -2.5127     -2.4999      0.8659     83.9284    178.1965
    -2.0127     -2.4999      1.0588     75.9918    186.8538
    -1.5127     -2.4999      1.2631     62.9166    183.2696
    -1.0127     -2.4999      1.4730     52.4747    186.3023
    -0.5127     -2.4999      1.5354     41.4415    188.6945
    -0.0127     -2.4999      1.4755     25.7369    188.4860
     0.4873     -2.4999      1.3402     13.0978    183.2088
     0.9873     -2.4999      1.3034     -3.0161    182.0665
     1.4873     -2.4999      1.2168    -15.3198    179.1620
     1.9873     -2.4999      1.0731    -25.5996    173.8789
     2.4873     -2.4999      0.9018    -34.2103    165.8174
     2.9873     -2.4999      0.7683    -43.1808    160.8049
     3.4873     -2.4999      0.6505    -57.4784    151.0202
     3.9873     -2.4999      0.5854    -71.9240    145.6984
     4.4873     -2.4999      0.5129    -83.8291    139.5903
     4.9873     -2.4999      0.4363    -93.1194    138.9508
     5.4873     -2.4999      0.3829   -101.6463    129.6091
     5.9873     -2.4999      0.3230   -108.9843    123.5392
     6.4873     -2.4999      0.2915   -115.0945    119.8407
     6.9872     -2.5000      0.2557   -118.5096    116.8750
     7.4872     -2.5000      0.2200   -123.0529    114.8698
     7.9872     -2.5000      0.1938   -125.8420    111.0047
     8.4872     -2.5000      0.1660   -127.4457     99.1952
     8.9872     -2.5000      0.1536   -129.5183     91.5354
     9.4872     -2.5000      0.1455   -131.0319     89.7608
    10.4872     -2.5001      0.1369   -137.6334     87.0806
    -9.5126     -2.0000      0.1610    173.9034     93.0030
    -9.0126     -2.0000      0.1738    167.4958     99.7918
    -8.5126     -2.0000      0.1909    161.4854    107.1924
    -8.0126     -2.0000      0.2095    159.2040    109.0772
    -7.5126     -2.0000      0.2283    158.7352    107.6807
    -7.0127     -1.9999      0.2630    161.0605    109.6274
    -6.5127     -1.9999      0.2877    162.2383    116.2525
    -6.0127     -1.9999      0.3226    158.2738    127.4792
    -5.5127     -1.9999      0.3689    146.7873    137.0471
    -5.0127     -1.9999      0.4123    130.6725    146.5971
    -4.5127     -1.9999      0.5092    118.2456    155.5106
    -4.0127     -1.9999      0.6025    106.1492    164.6730
    -3.5127     -1.9999      0.7228     95.0048    174.1392
    -3.0127     -1.9999      0.8912     89.5726    179.5517
    -2.5127     -1.9999      1.0691     81.2251    180.6768
    -2.0127     -1.9999      1.3955     72.1657    185.0846
    -1.5127     -1.9999      1.6979     62.6697    187.0723
    -1.0127     -1.9999      1.9448     53.2158    190.1503
    -0.5127     -1.9999      2.1149     43.1749    192.1130
    -0.0127     -1.9999      2.2075     23.5492    199.0954
     0.4873     -1.9999      2.2007      9.6150    198.3717
     0.9873     -1.9999      1.9024     -9.9647    197.6054
     1.4873     -1.9999      1.6284    -21.2871    193.9992
     1.9873     -1.9999      1.2865    -32.1443    181.8684
     2.4873     -1.9999      1.0953    -41.5362    175.8221
     2.9873     -1.9999      0.9084    -48.9022    168.4058
     3.4873     -1.9999      0.7330    -63.8950    159.7108
     3.9873     -1.9999      0.6494    -75.9748    154.7185
     4.4873     -1.9999      0.5448    -88.3667    150.2550
     4.9873     -1.9999      0.4735    -97.7907    143.2561
     5.4873     -1.9999      0.4064   -104.6092    138.8565
     5.9873     -1.9999      0.3449   -115.1525    134.5245
     6.4873     -1.9999      0.3113   -119.2797    126.7949
     6.9873     -1.9999      0.2675   -122.3663    123.8503
     7.4873     -2.0000      0.2336   -125.3567    112.5453
     7.9873     -2.0000      0.2020   -130.6613    103.6252
     8.4873     -2.0000      0.1758   -130.0993     94.8659
     8.9872     -2.0000      0.1609   -128.8920     90.8584
     9.4872     -2.0000      0.1478   -124.2538     93.8485
     9.9872     -2.0000      0.1405   -128.8299     87.5828
    -9.5127     -1.5000      0.1640    166.0774     85.6512
    -9.0127     -1.5000      0.1776    162.2962     94.8630
    -8.5127     -1.5000      0.1936    160.6534    100.9623
    -8.0127     -1.5000      0.2171    156.1865    115.1872
    -7.5127     -1.5000      0.2422    155.7143    113.9867
    -7.0127     -1.4999      0.2690    156.5363    120.9285
    -6.5127     -1.4999      0.3016    157.1419    126.0218
    -6.0127     -1.4999      0.3354    152.3088    132.0008
    -5.5127     -1.4999      0.3913    141.5779    142.6089
    -5.0127     -1.4999      0.4500    126.9255    150.8429
    -4.5127     -1.4999      0.5438    112.4065    160.3592
    -4.0127     -1.4999      0.6629     99.6729    169.2403
    -3.5127     -1.4999      0.7829     91.2559    178.6088
    -3.0127     -1.4999      1.0471     85.9927    181.9851
    -2.5127     -1.4999      1.3164     80.5803    182.2319
    -2.0127     -1.4999      1.6859     72.4616    182.4539
    -1.5127     -1.4999      2.1273     63.8489    185.6027
    -1.0127     -1.4999      2.5751     51.6092    193.5211
    -0.5127     -1.4999      3.0030     36.9642    201.2402
    -0.0127     -1.4999      3.1956     22.5140    206.9759
     0.4873     -1.4999      3.0721      1.8444    208.4664
     0.9873     -1.4999      2.7112    -12.3472    207.5360
     1.4873     -1.4999      2.1450    -28.1667    201.5907
     1.9873     -1.4999      1.5871    -42.2283    190.5407
     2.4873     -1.4999      1.3136    -50.8801    182.8547
     2.9873     -1.4999      0.9969    -59.7005    173.7800
     3.4873     -1.4999      0.8141    -72.4484    171.2205
     3.9873     -1.4999      0.7082    -83.8044    161.5157
     4.4873     -1.4999      0.5907    -92.0450    159.8195
     4.9873     -1.4999      0.5068   -102.3695    151.9841
     5.4873     -1.4999      0.4255   -109.5609    149.5002
     5.9873     -1.4999      0.3663   -117.1159    141.3629
     6.4873     -1.4999      0.3270   -121.2336    137.5459
     6.9873     -1.4999      0.2844   -126.2468    127.8342
     7.4873     -1.5000      0.2455   -127.5905    108.1700
     7.9873     -1.5000      0.2118   -131.1507     94.5026
     8.4873     -1.5000      0.1870   -129.0893     85.7477
     8.9873     -1.5000      0.1695   -128.9573     85.0809
     9.4873     -1.5000      0.1538   -126.6051     93.2852
     9.9873     -1.5000      0.1410   -134.5640     89.3026
   -10.5127     -1.0001      0.1489    152.3838     78.7662
   -10.0127     -1.0000      0.1575    152.3838     78.7662
    -9.5127     -1.0000      0.1682    157.4047     79.5552
    -9.0127     -1.0000      0.1805    157.7791     90.5871
    -8.5127     -1.0000      0.1993    155.3259    106.7195
    -8.0127     -1.0000      0.2216    153.8283    116.1686
    -7.5127     -1.0000      0.2443    149.8166    117.5102
    -7.0127     -0.9999      0.2816    149.3673    130.6389
    -6.5127     -0.9999      0.3136    147.3702    135.6716
    -6.0127     -0.9999      0.3579    142.5579    143.1229
    -5.5127     -0.9999      0.4123    135.0293    147.7256
    -5.0127     -0.9999      0.4681    122.4170    154.7534
    -4.5127     -0.9999      0.5850    110.6728    157.9307
    -4.0127     -0.9999      0.7058     98.4762    170.0614
    -3.5127     -0.9999      0.9092     91.4783    169.6752
    -3.0127     -0.9999      1.1743     83.5231    176.6806
    -2.5127     -0.9999      1.5013     77.4119    177.5911
    -2.0127     -0.9999      2.0071     70.3932    179.0662
    -1.5127     -0.9999      2.6892     59.2104    188.9173
    -1.0127     -0.9999      3.3933     46.8701    197.8300
    -0.5127     -0.9999      3.9198     30.8138    206.6334
    -0.0127     -0.9999      4.1431     14.6964    213.1049
     0.4873     -0.9999      4.0013     -2.3098    216.1923
     0.9873     -0.9999      3.3726    -18.3799    214.3204
     1.4873     -0.9999      2.6324    -32.9107    206.1049
     1.9873     -0.9999      1.9993    -48.2144    198.7340
     2.4873     -0.9999      1.4778    -61.1849    182.6271
     2.9873     -0.9999      1.1469    -70.2634    175.2916
     3.4873     -0.9999      0.8619    -82.8817    169.5292
     3.9873     -0.9999      0.7384    -90.3815    162.6547
     4.4873     -0.9999      0.6232    -98.3293    158.9788
     4.9873     -0.9999      0.5289   -105.9493    159.6721
     5.4873     -0.9999      0.4519   -113.2034    157.3825
     5.9873     -0.9999      0.3769   -121.2691    149.6057
     6.4873     -0.9999      0.3339   -122.9692    143.8284
     6.9873     -0.9999      0.2897   -125.0125    129.1191
     7.4873     -1.0000      0.2531   -130.0392    111.2752
     7.9873     -1.0000      0.2238   -130.4642     91.6143
     8.4873     -1.0000      0.1927   -129.9277     83.4993
     8.9873     -1.0000      0.1769   -131.3563     80.5387
     9.4873     -1.0000      0.1590   -134.5851     87.7632
     9.9873     -1.0000      0.1431   -141.6654     83.4897
    10.4873     -1.0001      0.1316   -150.7325     69.0264
   -10.0127     -0.5000      0.1537    152.3838     78.7662
    -9.5127     -0.5000      0.1686    151.7829     82.2220
    -9.0127     -0.5000      0.1812    153.2302     93.1742
    -8.5127     -0.5000      0.1994    152.4163    106.2639
    -8.0127     -0.5000      0.2227    152.9580    113.6257
    -7.5127     -0.5000      0.2484    148.6394    117.3643
    -7.0127     -0.4999      0.2882    145.9599    128.6040
    -6.5127     -0.4999      0.3207    138.6062    141.4646
    -6.0127     -0.4999      0.3648    134.8566    148.2951
    -5.5127     -0.4999      0.4241    128.5987    151.2909
    -5.0127     -0.4999      0.4853    115.6766    156.9102
    -4.5127     -0.4999      0.6113    104.3933    159.7912
    -4.0127     -0.4999      0.7379     95.3240    167.4918
    -3.5127     -0.4999      0.9463     88.3235    163.6916
    -3.0127     -0.4999      1.2485     81.3776    175.4604
    -2.5127     -0.4999      1.6057     75.5080    180.3806
    -2.0127     -0.4999      2.3422     68.8583    185.8114
    -1.5127     -0.4999      3.1781     55.0725    195.4748
    -1.0127     -0.4999      4.1104     41.1650    204.3404
    -0.5127     -0.4999      4.7021     26.6442    210.3156
    -0.0127     -0.4999      4.9325      7.4613    214.9334
     0.4873     -0.4999      4.8207    -10.6812    216.7034
     0.9873     -0.4999      3.8776    -26.8249    210.9858
     1.4873     -0.4999      3.0057    -41.7148    207.2370
     1.9873     -0.4999      2.1545    -55.2905    195.8116
     2.4873     -0.4999      1.6294    -68.3932    184.6197
     2.9873     -0.4999      1.2307    -77.8598    180.0460
     3.4873     -0.4999      0.9011    -90.4747    173.9068
     3.9873     -0.4999      0.7688    -96.3615    162.0262
     4.4873     -0.4999      0.6263   -103.6493    158.3513
     4.9873     -0.4999      0.5319   -112.3059    156.5211
     5.4873     -0.4999      0.4533   -121.3533    154.3631
     5.9873     -0.4999      0.3863   -125.0487    151.4243
     6.4873     -0.4999      0.3391   -126.0331    146.8818
     6.9873     -0.4999      0.2885   -127.8997    137.5592
     7.4873     -0.5000      0.2526   -128.8017    119.7176
     7.9873     -0.5000      0.2236   -132.0029    102.3363
     8.4873     -0.5000      0.2015   -133.8275     93.4927
     8.9873     -0.5000      0.1834   -139.2577     92.7771
     9.4873     -0.5000      0.1630   -140.5427     96.4889
     9.9873     -0.5000      0.1463   -142.3912     96.5995
    10.4873     -0.5001      0.1332   -152.0753     83.8549
    10.9873     -0.5001      0.1255   -156.3509     90.8987
   -10.5127     -0.0001      0.1402    136.9856    111.4973
   -10.0127     -0.0000      0.1515    141.9595     93.8791
    -9.5127     -0.0000      0.1642    146.0276     88.1135
    -9.0127     -0.0000      0.1798    149.6542     97.7213
    -8.5127      0.0000      0.1977    150.4692    106.9527
    -8.0127      0.0000      0.2235    147.8597    120.4354
    -7.5127      0.0000      0.2510    144.5528    121.4511
    -7.0127      0.0001      0.2835    141.4227    131.9770
    -6.5127      0.0001      0.3221    135.5284    140.3793
    -6.0127      0.0001      0.3638    131.3396    144.7307
    -5.5127      0.0001      0.4304    120.0798    153.9218
    -5.0127      0.0001      0.5003    109.6108    155.6781
    -4.5127      0.0001      0.6061     98.0554    161.7448
    -4.0127      0.0001      0.7463     90.5167    164.4459
    -3.5127      0.0001      0.8974     83.3189    166.4452
    -3.0127      0.0001      1.2604     75.7146    178.8078
    -2.5127      0.0001      1.6213     71.4708    187.8506
    -2.0127      0.0001      2.3269     62.6058    187.9063
    -1.5127      0.0001      3.3883     49.4966    201.0298
    -1.0127      0.0001      4.3060     34.3488    206.8388
    -0.5127      0.0001      5.1372     17.4361    207.9095
    -0.0127      0.0001      5.3390      0.8389    214.2388
     0.4873      0.0001      4.9573    -19.1704    214.9667
     0.9873      0.0001      4.1562    -36.5121    215.2934
     1.4873      0.0001      3.1431    -49.3229    208.2921
     1.9873      0.0001      2.0539    -63.6623    192.5383
     2.4873      0.0001      1.6656    -73.0709    186.5762
     2.9873      0.0001      1.2453    -82.1759    180.1718
     3.4873      0.0001      0.9310    -91.4617    170.3973
     3.9873      0.0001      0.7760   -100.3925    160.2265
     4.4873      0.0001      0.6145   -109.8708    157.0339
     4.9873      0.0001      0.5244   -119.0253    152.7288
     5.4873      0.0001      0.4491   -126.3184    151.8796
     5.9873      0.0001      0.3877   -129.2559    145.4955
     6.4873      0.0001      0.3366   -131.6858    138.6291
     6.9873      0.0001      0.2862   -132.5787    136.0432
     7.4873      0.0000      0.2518   -135.1320    124.1077
     7.9873      0.0000      0.2247   -136.7828    115.2490
     8.4873      0.0000      0.2042   -140.3805    111.5649
     8.9873     -0.0000      0.1853   -142.8326    105.4821
     9.4873     -0.0000      0.1660   -143.8973    104.0625
     9.9873     -0.0000      0.1475   -147.0537    105.4049
    10.4873     -0.0001      0.1347   -149.1959    111.9966
    10.9873     -0.0001      0.1263   -156.3509     90.8987
   -10.5127      0.4999      0.1406    136.9856    111.4973
   -10.0127      0.5000      0.1501    136.9933    108.4793
    -9.5127      0.5000      0.1641    142.7382    104.2941
    -9.0127      0.5000      0.1781    143.1163    103.7403
    -8.5127      0.5000      0.1976    145.1236    110.2167
    -8.0127      0.5000      0.2228    143.4958    119.8047
    -7.5127      0.5000      0.2466    141.4754    120.9367
    -7.0127      0.5001      0.2853    139.3972    127.0885
    -6.5127      0.5001      0.3224    130.8373    134.2780
    -6.0127      0.5001      0.3730    121.6502    141.6757
    -5.5127      0.5001      0.4378    111.2637    148.9159
    -5.0127      0.5001      0.4943    100.8593    155.0257
    -4.5127      0.5001      0.6109     94.4451    155.4023
    -4.0127      0.5001      0.7396     84.4663    160.5700
    -3.5127      0.5001      0.9469     76.2323    159.8005
    -3.0127      0.5001      1.2255     68.5014    178.3939
    -2.5127      0.5001      1.5525     63.5363    186.2888
    -2.0127      0.5001      2.2043     57.7240    198.9781
    -1.5127      0.5001      3.0590     44.7445    201.9989
    -1.0127      0.5001      4.0716     29.0533    210.7235
    -0.5127      0.5001      4.6965     12.8713    213.2223
    -0.0127      0.5001      5.0332     -9.4797    216.1725
     0.4873      0.5001      4.8511    -27.4137    215.5809
     0.9873      0.5001      4.1204    -45.7727    207.8920
     1.4873      0.5001      2.9768    -56.0570    205.5474
     1.9873      0.5001      2.1531    -69.7516    194.5893
     2.4873      0.5001      1.5646    -78.8784    188.8388
     2.9873      0.5001      1.2192    -86.3558    174.9741
     3.4873      0.5001      0.9034    -94.9971    168.9181
     3.9873      0.5001      0.7445   -102.7353    159.9160
     4.4873      0.5001      0.6081   -114.0668    155.5840
     4.9873      0.5001      0.5056   -124.1649    147.5624
     5.4873      0.5001      0.4415   -130.1778    142.8432
     5.9873      0.5001      0.3703   -135.8756    139.7713
     6.4873      0.5001      0.3260   -138.4810    130.8913
     6.9873      0.5001      0.2833   -141.0218    122.7709
     7.4873      0.5000      0.2497   -145.7458    114.1133
     7.9873      0.5000      0.2259   -145.7257    110.9138
     8.4873      0.5000      0.1983   -142.0869    110.2974
     8.9873      0.5000      0.1819   -147.2531    103.5475
     9.4873      0.5000      0.1625   -149.1919     99.3544
     9.9873      0.5000      0.1463   -148.2591    107.0987
    10.4873      0.4999      0.1345   -148.2212    123.9848
   -10.5127      0.9999      0.1427    129.5970     84.1785
   -10.0127      1.0000      0.1486    129.5970     84.1785
    -9.5127      1.0000      0.1619    136.7829    115.0542
    -9.0127      1.0000      0.1749    138.2045    109.7775
    -8.5127      1.0000      0.1966    139.0318    113.5665
    -8.0127      1.0000      0.2200    138.9682    113.0397
    -7.5127      1.0000      0.2427    136.4834    114.7906
    -7.0127      1.0001      0.2820    132.1100    119.2776
    -6.5127      1.0001      0.3184    124.3292    128.4490
    -6.0127      1.0001      0.3734    112.5870    135.2906
    -5.5127      1.0001      0.4345    104.0712    144.1544
    -5.0127      1.0001      0.4881     92.8987    148.7614
    -4.5127      1.0001      0.5887     86.0119    153.2680
    -4.0127      1.0001      0.7096     78.0944    157.1619
    -3.5127      1.0001      0.9052     69.5134    154.2374
    -3.0127      1.0001      1.1587     63.1937    171.9992
    -2.5127      1.0001      1.4244     57.9424    183.2427
    -2.0127      1.0001      1.7799     51.5140    193.8033
    -1.5127      1.0001      2.5121     40.2229    198.1690
    -1.0127      1.0001      3.2285     24.8418    208.2706
    -0.5127      1.0001      3.8281      7.1846    208.5053
    -0.0127      1.0001      4.1649    -15.4816    212.2771
     0.4873      1.0001      4.0967    -37.6760    208.2693
     0.9873      1.0001      3.5259    -47.7178    204.0134
     1.4873      1.0001      2.6830    -58.0097    201.4616
     1.9873      1.0001      1.9141    -73.1919    194.9119
     2.4873      1.0001      1.4106    -82.1738    186.0082
     2.9873      1.0001      1.0739    -88.2813    178.9918
     3.4873      1.0001      0.8354    -96.0124    171.0967
     3.9873      1.0001      0.7054   -105.5331    160.2367
     4.4873      1.0001      0.5718   -116.5935    153.2931
     4.9873      1.0001      0.4760   -127.6070    144.5815
     5.4873      1.0001      0.4094   -134.8332    140.1444
     5.9873      1.0001      0.3536   -140.8368    134.0119
     6.4873      1.0001      0.3166   -144.8993    122.8166
     6.9873      1.0001      0.2752   -148.5102    114.3748
     7.4873      1.0000      0.2408   -151.6700    107.0272
     7.9873      1.0000      0.2170   -152.2153    107.6540
     8.4873      1.0000      0.1953   -147.8118    104.7814
     8.9873      1.0000      0.1771   -147.8568     97.2601
     9.4873      1.0000      0.1596   -151.9744     89.6589
     9.9873      1.0000      0.1454   -151.8953     95.5288
   -10.5128      1.4999      0.1435    129.5970     84.1785
   -10.0128      1.5000      0.1484    129.5970     84.1785
    -9.5128      1.5000      0.1559    135.7818    100.3167
    -9.0128      1.5000      0.1710    138.2292    105.3228
    -8.5127      1.5000      0.1900    136.8849    105.8089
    -8.0127      1.5000      0.2156    136.3385    111.3011
    -7.5127      1.5000      0.2388    132.8733    110.3924
    -7.0127      1.5001      0.2704    127.8924    114.9991
    -6.5127      1.5001      0.3099    117.6369    119.6670
    -6.0127      1.5001      0.3558    108.1954    128.0622
    -5.5127      1.5001      0.4227     96.5433    136.8981
    -5.0127      1.5001      0.4776     88.7985    143.8002
    -4.5127      1.5001      0.5609     81.1992    151.5439
    -4.0127      1.5001      0.6680     72.7814    154.6244
    -3.5127      1.5001      0.7885     64.5900    157.3559
    -3.0127      1.5001      1.0447     56.9043    162.1396
    -2.5127      1.5001      1.2708     52.2921    175.3517
    -2.0127      1.5001      1.5848     45.9808    184.3743
    -1.5127      1.5001      1.9796     34.6430    192.3740
    -1.0127      1.5001      2.3776     19.9765    196.2964
    -0.5127      1.5001      2.9496      3.7657    200.4013
    -0.0127      1.5001      3.1179    -17.8084    204.9894
     0.4873      1.5001      3.0870    -36.1153    201.7431
     0.9873      1.5001      2.6861    -47.2585    198.7335
     1.4873      1.5001      2.1115    -59.7309    196.9588
     1.9873      1.5001      1.4520    -75.1259    186.4240
     2.4873      1.5001      1.2238    -84.0743    180.3923
     2.9873      1.5001      0.9801    -91.9905    175.3758
     3.4873      1.5001      0.7539    -97.0816    169.9918
     3.9873      1.5001      0.6373   -107.8512    158.6544
     4.4873      1.5001      0.5042   -118.8585    148.3734
     4.9873      1.5001      0.4431   -129.7116    141.4813
     5.4873      1.5001      0.3847   -140.3118    140.6968
     5.9873      1.5001      0.3323   -143.9787    134.6463
     6.4873      1.5001      0.2993   -150.3596    123.9561
     6.9873      1.5001      0.2584   -154.9365    105.5634
     7.4873      1.5000      0.2317   -155.3588    101.2850
     7.9874      1.5000      0.2078   -153.8311    105.0223
     8.4874      1.5000      0.1869   -152.5648    100.8064
     8.9874      1.5000      0.1698   -147.9471     88.3286
     9.4874      1.5000      0.1552   -148.6107     83.1618
     9.9874      1.5000      0.1461   -145.6806     88.0564
    10.4874      1.4999      0.1396   -145.6806     88.0564
    -9.5128      2.0000      0.1507    134.7191     90.8056
    -9.0128      2.0000      0.1641    134.8811    102.0018
    -8.5128      2.0000      0.1826    133.5593    104.4225
    -8.0128      2.0000      0.2069    130.1523    103.7626
    -7.5128      2.0000      0.2257    128.8315    101.7103
    -7.0128      2.0001      0.2620    125.6901    103.7595
    -6.5127      2.0001      0.2976    116.2511    112.3424
    -6.0127      2.0001      0.3449    104.3540    118.1935
    -5.5127      2.0001      0.4014     95.1560    125.5290
    -5.0127      2.0001      0.4521     84.8584    135.7425
    -4.5127      2.0001      0.5405     77.8568    144.2126
    -4.0127      2.0001      0.6269     70.7407    150.9214
    -3.5127      2.0001      0.7425     58.9168    153.2350
    -3.0127      2.0001      0.8879     50.0943    159.4247
    -2.5127      2.0001      1.0673     43.9821    165.9012
    -2.0127      2.0001      1.3422     39.0536    173.1353
    -1.5127      2.0001      1.6284     28.9181    182.9448
    -1.0127      2.0001      1.9068     17.0291    190.3529
    -0.5127      2.0001      2.0289      3.1675    195.3340
    -0.0127      2.0001      2.2736    -12.4205    197.6089
     0.4873      2.0001      2.2078    -29.5242    198.6800
     0.9873      2.0001      1.9419    -49.2684    195.5880
     1.4873      2.0001      1.4702    -63.8476    185.3472
     1.9873      2.0001      1.2733    -74.1759    182.9115
     2.4873      2.0001      1.0602    -83.3203    180.6060
     2.9873      2.0001      0.8419    -91.2716    176.1905
     3.4873      2.0001      0.6630   -100.5147    165.3007
     3.9873      2.0001      0.5582   -107.3397    157.7729
     4.4873      2.0001      0.4822   -118.1085    146.2382
     4.9873      2.0001      0.4157   -129.3939    142.1655
     5.4873      2.0001      0.3625   -140.9208    142.7758
     5.9874      2.0001      0.3101   -148.7741    137.4758
     6.4874      2.0001      0.2789   -154.2084    122.4693
     6.9874      2.0001      0.2515   -158.9248    107.3212
     7.4874      2.0000      0.2246   -159.1644     98.1033
     7.9874      2.0000      0.2016   -156.4419    100.7194
     8.4874      2.0000      0.1761   -151.6252    102.0540
     8.9874      2.0000      0.1627   -145.3762     87.7929
     9.4874      2.0000      0.1537   -141.8118     77.5838
    10.4874      1.9999      0.1437   -145.6806     88.0564
    -9.5128      2.5000      0.1471    133.2307     85.5817
    -9.0128      2.5000      0.1594    128.7499     97.5076
    -8.5128      2.5000      0.1757    128.8618     97.1408
    -8.0128      2.5000      0.1954    125.7560     95.8457
    -7.5128      2.5000      0.2128    125.3263     91.6352
    -7.0128      2.5001      0.2463    122.9646     96.0063
    -6.5128      2.5001      0.2788    113.5257    106.6260
    -6.0128      2.5001      0.3256    102.0250    108.7475
    -5.5127      2.5001      0.3710     92.9387    119.0113
    -5.0127      2.5001      0.4194     83.0434    125.8456
    -4.5127      2.5001      0.4874     73.5204    136.2715
    -4.0127      2.5001      0.5669     63.1573    144.8017
    -3.5127      2.5001      0.6680     53.5339    142.8520
    -3.0127      2.5001      0.7685     43.7679    151.5326
    -2.5127      2.5001      0.8815     35.8640    156.3925
    -2.0127      2.5001      0.9869     30.4316    157.9346
    -1.5127      2.5001      1.2286     23.4458    172.5981
    -1.0127      2.5001      1.3933     12.2880    181.2480
    -0.5127      2.5001      1.4953     -3.5025    188.2766
    -0.0127      2.5001      1.5160    -19.6023    190.9971
     0.4873      2.5001      1.4050    -35.7313    185.8479
     0.9873      2.5001      1.3416    -54.5205    187.8358
     1.4873      2.5001      1.1911    -61.4703    185.6842
     1.9873      2.5001      1.0102    -71.1078    184.5451
     2.4873      2.5001      0.8498    -81.5760    174.2547
     2.9873      2.5001      0.6826    -90.2633    171.0800
     3.4873      2.5001      0.5794   -100.6017    165.1529
     3.9873      2.5001      0.5097   -108.1283    153.7659
     4.4873      2.5001      0.4369   -118.1224    143.9676
     4.9874      2.5001      0.3774   -128.0260    137.4346
     5.4874      2.5001      0.3244   -141.1518    138.1983
     5.9874      2.5001      0.2890   -147.7826    136.7487
     6.4874      2.5001      0.2663   -154.6938    120.8986
     6.9874      2.5001      0.2405   -161.4460    104.9592
     7.4874      2.5000      0.2143   -160.9024     91.4215
     7.9874      2.5000      0.1908   -157.8810     92.7418
     8.4874      2.5000      0.1728   -149.1696     94.3715
     8.9874      2.5000      0.1596   -141.8173     81.4197
     9.4874      2.5000      0.1502   -135.2106     84.2279
    -9.0128      3.0000      0.1588    124.9876     97.5884
    -8.5128      3.0000      0.1678    120.5080     94.3334
    -8.0128      3.0000      0.1842    120.9295     91.3171
    -7.5128      3.0000      0.2039    122.3731     89.7069
    -7.0128      3.0001      0.2296    118.5745     94.0036
    -6.5128      3.0001      0.2614    110.2866    100.8059
    -6.0128      3.0001      0.2892    101.2586    101.0835
    -5.5128      3.0001      0.3414     89.4111    108.7094
    -5.0128      3.0001      0.3867     80.8566    114.2538
    -4.5127      3.0001      0.4439     70.0767    125.0458
    -4.0127      3.0001      0.5008     58.0938    132.3918
    -3.5127      3.0001      0.5590     48.0540    136.2312
    -3.0127      3.0001      0.6631     37.0051    140.7303
    -2.5127      3.0001      0.7503     29.8848    148.9010
    -2.0127      3.0001      0.8375     22.5839    154.4511
    -1.5127      3.0001      0.8959     15.0403    163.6758
    -1.0127      3.0001      1.0129      7.0627    170.4160
    -0.5127      3.0001      1.0729     -9.0202    184.3217
    -0.0127      3.0001      1.0480    -28.4949    176.9001
     0.4873      3.0001      1.0831    -42.9170    178.7280
     0.9873      3.0001      0.9969    -53.2329    178.0979
     1.4873      3.0001      0.8866    -59.5629    172.0541
     1.9873      3.0001      0.7339    -68.7705    170.0570
     2.4873      3.0001      0.6700    -77.5772    165.9304
     2.9873      3.0001      0.5938    -88.0926    166.2070
     3.4873      3.0001      0.5031    -99.1861    158.5931
     3.9873      3.0001      0.4437   -108.4877    146.8856
     4.4874      3.0001      0.3742   -116.9592    133.4334
     4.9874      3.0001      0.3388   -123.5729    134.2260
     5.4874      3.0001      0.3041   -136.7194    132.8318
     5.9874      3.0001      0.2694   -147.6797    130.8452
     6.4874      3.0001      0.2480   -155.7061    117.9840
     6.9874      3.0001      0.2236   -158.8748    103.5527
     7.4874      3.0000      0.2031   -160.1711     88.8044
     7.9874      3.0000      0.1854   -157.6811     87.9679
     8.4874      3.0000      0.1695   -149.7338     84.9451
     8.9874      3.0000      0.1579   -141.7739     80.7835
    -9.0128      3.5000      0.1547    121.0952     94.0099
    -8.5128      3.5000      0.1613    116.5817     96.4305
    -8.0128      3.5000      0.1735    116.0011     93.2141
    -7.5128      3.5000      0.1892    118.0408     90.7080
    -7.0128      3.5001      0.2184    113.9149     90.0265
    -6.5128      3.5001      0.2423    106.5477     94.5286
    -6.0128      3.5001      0.2713     95.9657     96.5931
    -5.5128      3.5001      0.3050     85.8880     96.8526
    -5.0128      3.5001      0.3467     76.6771    103.6397
    -4.5128      3.5001      0.4053     66.4263    115.3213
    -4.0127      3.5001      0.4522     54.7879    125.9978
    -3.5127      3.5001      0.4983     45.1524    128.9532
    -3.0127      3.5001      0.5371     35.6288    131.9923
    -2.5127      3.5001      0.6190     26.1711    137.0796
    -2.0127      3.5001      0.6912     16.7416    143.4296
    -1.5127      3.5001      0.7453      5.1569    154.9096
    -1.0127      3.5001      0.7694     -4.0193    159.5858
    -0.5127      3.5001      0.7848    -15.2241    162.9882
    -0.0127      3.5001      0.8275    -28.9462    163.1536
     0.4873      3.5001      0.8151    -40.1630    166.7166
     0.9873      3.5001      0.7714    -51.1113    165.2018
     1.4873      3.5001      0.6721    -56.4144    156.2013
     1.9873      3.5001      0.6306    -65.9416    156.8991
     2.4873      3.5001      0.5777    -77.1380    158.4458
     2.9873      3.5001      0.5054    -86.3624    159.2405
     3.4873      3.5001      0.4357    -99.9781    152.1349
     3.9874      3.5001      0.3850   -110.4932    139.7459
     4.4874      3.5001      0.3469   -113.8135    132.1084
     4.9874      3.5001      0.3123   -122.5220    130.8520
     5.4874      3.5001      0.2817   -133.9492    130.8096
     5.9874      3.5001      0.2500   -144.6380    123.2479
     6.4874      3.5001      0.2303   -150.8565    114.2204
     6.9874      3.5001      0.2114   -155.7052     98.2388
     7.4874      3.5000      0.1941   -156.6954     87.8210
     7.9874      3.5000      0.1787   -152.7680     86.7720
     8.4874      3.5000      0.1644   -148.2133     74.3962
    -8.5128      4.0000      0.1508    107.4875    101.3853
    -8.0128      4.0000      0.1607    111.6206     94.1456
    -7.5128      4.0000      0.1756    109.9360     91.9102
    -7.0128      4.0001      0.1992    107.3875     88.9823
    -6.5128      4.0001      0.2207     99.4149     92.0926
    -6.0128      4.0001      0.2495     89.3414     86.4382
    -5.5128      4.0001      0.2771     81.9922     92.4754
    -5.0128      4.0001      0.3086     72.6605     97.4970
    -4.5128      4.0001      0.3485     64.0384    105.7745
    -4.0128      4.0001      0.3934     52.9952    117.4912
    -3.5127      4.0001      0.4419     44.6574    120.8843
    -3.0127      4.0001      0.4748     35.2954    123.1729
    -2.5127      4.0001      0.5128     22.7790    127.8574
    -2.0127      4.0001      0.5384      9.9282    135.0324
    -1.5127      4.0001      0.5984     -1.5521    146.9524
    -1.0127      4.0001      0.6279     -8.2019    151.4683
    -0.5127      4.0001      0.6400    -17.0782    154.9489
    -0.0127      4.0001      0.6380    -27.3925    154.7786
     0.4873      4.0001      0.6011    -37.6826    149.7514
     0.9873      4.0001      0.5959    -46.2899    149.5022
     1.4873      4.0001      0.5641    -56.0122    148.8832
     1.9873      4.0001      0.5183    -65.7654    151.4445
     2.4873      4.0001      0.4709    -75.4879    146.8169
     2.9873      4.0001      0.4084    -85.2150    150.4026
     3.4874      4.0001      0.3771    -98.4447    142.9692
     3.9874      4.0001      0.3450   -106.8605    138.0531
     4.4874      4.0001      0.3105   -113.1718    132.3852
     4.9874      4.0001      0.2802   -121.4957    133.1442
     5.4874      4.0001      0.2511   -132.2037    124.9091
     5.9874      4.0001      0.2337   -137.9775    123.0128
     6.4874      4.0001      0.2165   -147.1956    111.7926
     6.9874      4.0001      0.1980   -149.4390    101.3963
     7.4874      4.0000      0.1808   -150.0912     88.6425
     7.9874      4.0000      0.1676   -150.2307     79.4575
     8.4874      4.0000      0.1621   -148.2133     74.3962
     8.9874      4.0000      0.1575   -144.5449     68.4892
    -8.0128      4.5000      0.1519    108.6086     98.3147
    -7.5128      4.5000      0.1657    103.1548     90.0182
    -7.0128      4.5001      0.1823     96.7185     88.8607
    -6.5128      4.5001      0.2023     91.4750     90.1603
    -6.0128      4.5001      0.2172     81.9057     86.0406
    -5.5128      4.5001      0.2482     75.9902     91.0351
    -5.0128      4.5001      0.2749     69.3277     98.0317
    -4.5128      4.5001      0.3069     61.9660    104.2727
    -4.0128      4.5001      0.3386     52.2893    111.4668
    -3.5128      4.5001      0.3690     42.9260    113.9904
    -3.0127      4.5001      0.4096     32.6621    117.5226
    -2.5127      4.5001      0.4390     22.1487    122.3310
    -2.0127      4.5001      0.4671      9.4018    132.5416
    -1.5127      4.5001      0.4885     -1.4417    139.6304
    -1.0127      4.5001      0.5026    -11.4034    138.8779
    -0.5127      4.5001      0.5131    -20.3016    148.0189
    -0.0127      4.5001      0.5090    -30.6731    142.7630
     0.4873      4.5001      0.5074    -41.3295    143.2695
     0.9873      4.5001      0.4904    -49.5343    141.0676
     1.4873      4.5001      0.4540    -59.5909    137.8197
     1.9873      4.5001      0.4053    -70.1641    135.0291
     2.4873      4.5001      0.3823    -78.2390    134.6451
     2.9874      4.5001      0.3571    -87.9597    138.0728
     3.4874      4.5001      0.3223    -95.5698    134.5972
     3.9874      4.5001      0.2979   -104.4559    134.7995
     4.4874      4.5001      0.2648   -109.6641    136.0246
     4.9874      4.5001      0.2502   -120.5354    130.4670
     5.4874      4.5001      0.2340   -128.6931    122.8054
     5.9874      4.5001      0.2155   -135.4239    116.2980
     6.4874      4.5001      0.1994   -143.3807    106.1107
     6.9874      4.5001      0.1807   -145.7004     99.8777
     7.4874      4.5000      0.1682   -145.0809     88.7776
     7.9874      4.5000      0.1587   -144.7022     81.2661
     8.4874      4.5000      0.1525   -144.1251     73.5372
    -8.0128      5.0000      0.1485     96.2030     88.7439
    -7.5128      5.0000      0.1587     94.8526     86.1160
    -7.0128      5.0001      0.1716     87.5667     79.0851
    -6.5128      5.0001      0.1843     78.4727     83.8502
    -6.0128      5.0001      0.1978     71.6254     87.2719
    -5.5128      5.0001      0.2207     68.7639     94.5584
    -5.0128      5.0001      0.2398     63.5381     97.7792
    -4.5128      5.0001      0.2706     58.4787    105.8391
    -4.0128      5.0001      0.2942     49.2492    109.9143
    -3.5128      5.0001      0.3173     37.0904    106.1014
    -3.0128      5.0001      0.3352     30.4893    110.5521
    -2.5127      5.0001      0.3669     20.6692    119.8899
    -2.0127      5.0001      0.3931      9.9683    131.1823
    -1.5127      5.0001      0.4089     -1.0837    135.9344
    -1.0127      5.0001      0.4106    -10.6186    138.1781
    -0.5127      5.0001      0.4091    -22.1877    137.4237
    -0.0127      5.0001      0.4213    -34.2417    134.7851
     0.4873      5.0001      0.4150    -46.5145    133.7649
     0.9873      5.0001      0.4027    -58.0194    131.5529
     1.4873      5.0001      0.3688    -64.5262    137.2485
     1.9873      5.0001      0.3531    -71.2208    131.0482
     2.4873      5.0001      0.3303    -76.3680    131.7972
     2.9874      5.0001      0.3052    -84.6306    130.0686
     3.4874      5.0001      0.2827    -96.3022    129.2858
     3.9874      5.0001      0.2615   -103.5214    127.9923
     4.4874      5.0001      0.2459   -109.4196    128.1601
     4.9874      5.0001      0.2287   -117.1259    125.7524
     5.4874      5.0001      0.2146   -125.8381    119.8458
     5.9874      5.0001      0.1964   -133.2108    110.3195
     6.4874      5.0001      0.1839   -139.6516    103.1103
     6.9874      5.0001      0.1714   -143.7478     92.8003
     7.4874      5.0000      0.1594   -143.1486     87.7844
     7.9875      5.0000      0.1515   -142.4167     91.6264
    -7.5128      5.5000      0.1506     82.6720     89.1285
    -7.0128      5.5001      0.1580     72.3699     86.1368
    -6.5128      5.5001      0.1663     67.1322     88.2255
    -6.0128      5.5001      0.1816     63.5644     91.4426
    -5.5128      5.5001      0.1944     61.2949    101.8672
    -5.0128      5.5001      0.2071     55.9545    104.5454
    -4.5128      5.5001      0.2206     52.5663    109.4949
    -4.0128      5.5001      0.2462     42.4535    111.6378
    -3.5128      5.5001      0.2700     30.1894    106.4973
    -3.0128      5.5001      0.2916     22.5416    106.9844
    -2.5127      5.5001      0.3030     14.6845    116.8559
    -2.0127      5.5001      0.3087      8.2972    125.0987
    -1.5127      5.5001      0.3310     -0.0315    127.1371
    -1.0127      5.5001      0.3409     -6.4116    126.9375
    -0.5127      5.5001      0.3454    -18.5512    126.1266
    -0.0127      5.5001      0.3412    -31.9101    126.5527
     0.4873      5.5001      0.3269    -48.4110    124.3927
     0.9873      5.5001      0.3260    -57.8952    129.0631
     1.4873      5.5001      0.3153    -64.7047    129.1828
     1.9873      5.5001      0.2991    -71.2385    133.3975
     2.4874      5.5001      0.2808    -74.0889    133.0655
     2.9874      5.5001      0.2576    -80.0951    125.2435
     3.4874      5.5001      0.2481    -89.2160    129.3012
     3.9874      5.5001      0.2373   -100.8417    125.2071
     4.4874      5.5001      0.2241   -107.7555    120.0054
     4.9874      5.5001      0.2080   -117.3502    118.2427
     5.4874      5.5001      0.1918   -123.8716    117.5091
     5.9874      5.5001      0.1806   -130.4390    105.0970
     6.4874      5.5001      0.1724   -137.6026     98.4514
     6.9874      5.5001      0.1634   -144.1986     93.2256
     7.4875      5.5000      0.1548   -143.6088     82.2968
    -8.0129      6.0000      0.1391     82.6720     89.1285
    -7.5129      6.0000      0.1397     82.6720     89.1285
    -7.0128      6.0001      0.1443     64.4975     90.6419
    -6.5128      6.0001      0.1501     60.9572     96.5689
    -6.0128      6.0001      0.1595     49.9444    103.6951
    -5.5128      6.0001      0.1736     50.5562    114.7349
    -5.0128      6.0001      0.1852     45.3398    119.0371
    -4.5128      6.0001      0.1978     40.3500    116.9464
    -4.0128      6.0001      0.2109     32.4007    111.6104
    -3.5128      6.0001      0.2247     22.7197    103.3601
    -3.0128      6.0001      0.2457     13.5980    100.5110
    -2.5128      6.0001      0.2587      9.5527    107.1822
    -2.0127      6.0001      0.2701      3.9493    114.7350
    -1.5127      6.0001      0.2785      0.3241    113.7355
    -1.0127      6.0001      0.2762     -4.5283    111.5311
    -0.5127      6.0001      0.2821    -16.6974    118.5125
    -0.0127      6.0001      0.2874    -30.8054    120.1499
     0.4873      6.0001      0.2855    -44.3358    126.7014
     0.9873      6.0001      0.2778    -55.4960    131.1907
     1.4873      6.0001      0.2659    -65.8153    131.5517
     1.9873      6.0001      0.2509    -70.0310    135.9346
     2.4874      6.0001      0.2424    -70.0158    135.7983
     2.9874      6.0001      0.2326    -73.5072    137.0089
     3.4874      6.0001      0.2182    -83.9896    136.0118
     3.9874      6.0001      0.2107    -96.5776    126.0414
     4.4874      6.0001      0.1964   -102.1062    118.4968
     4.9874      6.0001      0.1872   -113.2116    117.2786
     5.4874      6.0001      0.1769   -120.9532    117.2358
     5.9874      6.0001      0.1650   -127.8807    113.1931
     6.4874      6.0001      0.1583   -133.8069    104.6242
     6.9875      6.0001      0.1510   -136.5267    105.6247
     7.4875      6.0000      0.1488   -144.3123     82.7995
    -7.0129      6.5001      0.1314     58.5008     95.4663
    -6.5128      6.5001      0.1377     56.6851     99.3613
    -6.0128      6.5001      0.1448     49.5377    111.1469
    -5.5128      6.5001      0.1558     47.5489    126.0750
    -5.0128      6.5001      0.1640     42.8466    128.2359
    -4.5128      6.5001      0.1764     35.9441    125.9432
    -4.0128      6.5001      0.1859     26.7046    114.8573
    -3.5128      6.5001      0.1958     18.8444    107.2079
    -3.0128      6.5001      0.2051     11.9120    100.0471
    -2.5128      6.5001      0.2211      7.7804    104.5693
    -2.0127      6.5001      0.2317      3.6633    107.6382
    -1.5127      6.5001      0.2383      0.1614    108.0393
    -1.0127      6.5001      0.2408     -7.8026    112.2070
    -0.5127      6.5001      0.2438    -17.5914    115.8743
    -0.0127      6.5001      0.2488    -31.2392    123.1967
     0.4873      6.5001      0.2451    -47.3628    131.8541
     0.9873      6.5001      0.2394    -58.2544    131.2957
     1.4873      6.5001      0.2302    -66.5242    131.1274
     1.9874      6.5001      0.2261    -68.3127    131.1219
     2.4874      6.5001      0.2183    -64.5900    134.3237
     2.9874      6.5001      0.2065    -68.3062    141.4199
     3.4874      6.5001      0.1971    -79.1571    141.4351
     3.9874      6.5001      0.1876    -91.4658    126.9141
     4.4874      6.5001      0.1807    -99.0332    112.9650
     4.9874      6.5001      0.1709   -104.8690    117.1395
     5.4874      6.5001      0.1615   -112.5451    119.2133
     5.9874      6.5001      0.1514   -123.8562    120.0925
     6.4875      6.5001      0.1449   -131.8163    112.3851
     6.9875      6.5001      0.1418   -136.5267    105.6247
     7.9875      6.5000      0.1405   -136.1399     84.6100
    -6.5129      7.0001      0.1273     52.6856    102.7561
    -6.0128      7.0001      0.1334     53.2420    110.8344
    -5.5128      7.0001      0.1391     49.9282    129.7008
    -5.0128      7.0001      0.1442     43.6798    129.9095
    -4.5128      7.0001      0.1483     34.9238    128.8564
    -4.0128      7.0001      0.1608     23.6009    117.6230
    -3.5128      7.0001      0.1711     18.5672    109.4969
    -3.0128      7.0001      0.1814     12.5853    102.7907
    -2.5128      7.0001      0.1874      9.3797    101.1585
    -2.0127      7.0001      0.1903      5.0594     99.2908
    -1.5127      7.0001      0.2025     -0.8965    110.4973
    -1.0127      7.0001      0.2099    -10.5163    119.3678
    -0.5127      7.0001      0.2141    -21.2315    123.9022
    -0.0127      7.0001      0.2115    -37.1088    131.7446
     0.4873      7.0001      0.2052    -48.8868    133.3612
     0.9873      7.0001      0.2047    -59.0310    131.1039
     1.4873      7.0001      0.2024    -64.2436    123.2785
     1.9874      7.0001      0.2005    -67.9360    119.8513
     2.4874      7.0001      0.1922    -66.1847    122.5861
     2.9874      7.0001      0.1802    -68.5529    128.0630
     3.4874      7.0001      0.1747    -75.1896    130.2033
     3.9874      7.0001      0.1695    -81.4300    117.2625
     4.4874      7.0001      0.1635    -88.9852    111.7734
     4.9874      7.0001      0.1553    -99.2391    108.8967
     5.4874      7.0001      0.1445   -106.4150    114.1123
     5.9875      7.0001      0.1397   -112.5074    119.4815
     6.4875      7.0001      0.1350   -123.0709    110.6197
     6.9875      7.0001      0.1318   -127.3244    102.9130
    -6.0129      7.5001      0.1216     53.2420    110.8344
    -5.5128      7.5001      0.1259     51.1583    116.0078
    -5.0128      7.5001      0.1311     43.7121    123.1444
    -4.5128      7.5001      0.1369     29.7273    116.9330
    -4.0128      7.5001      0.1421     21.5329    115.1734
    -3.5128      7.5001      0.1494     18.4101    110.0616
    -3.0128      7.5001      0.1585     16.8989    101.6838
    -2.5128      7.5001      0.1640     13.8712     98.8640
    -2.0128      7.5001      0.1708      9.3662    105.5102
    -1.5127      7.5001      0.1749      1.3191    116.9714
    -1.0127      7.5001      0.1798     -9.2248    127.8462
    -0.5127      7.5001      0.1832    -17.7310    134.5613
    -0.0127      7.5001      0.1800    -29.3127    139.0977
     0.4873      7.5001      0.1818    -43.9032    132.3348
     0.9873      7.5001      0.1786    -54.1365    130.0796
     1.4873      7.5001      0.1725    -63.4176    117.9561
     1.9874      7.5001      0.1682    -69.0427    112.3485
     2.4874      7.5001      0.1654    -70.4188    114.8059
     2.9874      7.5001      0.1634    -70.1940    115.7666
     3.4874      7.5001      0.1555    -73.3186    121.2530
     3.9874      7.5001      0.1503    -82.1758    113.8617
     4.4874      7.5001      0.1431    -88.6773    107.0805
     4.9874      7.5001      0.1397    -92.4945    104.3532
     5.4875      7.5001      0.1358    -98.8056    108.3574
     5.9875      7.5001      0.1309   -107.7374    109.0005
     6.4875      7.5001      0.1278   -115.0239     96.4126
    -6.5129      8.0001      0.1124     52.6856    102.7561
    -6.0129      8.0001      0.1115     30.3579    109.3089
    -5.5129      8.0001      0.1126     30.3579    109.3089
    -5.0128      8.0001      0.1187     27.5865    107.2053
    -4.5128      8.0001      0.1258     20.0266    109.1260
    -4.0128      8.0001      0.1298     18.7497    106.0251
    -3.5128      8.0001      0.1330     19.0144    104.4318
    -3.0128      8.0001      0.1363     21.7416    101.9542
    -2.5128      8.0001      0.1446     24.0119    104.3287
    -2.0128      8.0001      0.1516     18.0356    106.8374
    -1.5127      8.0001      0.1543      8.2575    117.9795
    -1.0127      8.0001      0.1556     -1.9333    128.1450
    -0.5127      8.0001      0.1558    -13.8708    132.8964
    -0.0127      8.0001      0.1600    -25.0228    133.5264
     0.4873      8.0001      0.1613    -35.1125    134.0978
     0.9873      8.0001      0.1592    -47.3740    129.1061
     1.4873      8.0001      0.1541    -59.2207    120.2277
     1.9874      8.0001      0.1511    -61.9868    118.9282
     2.4874      8.0001      0.1482    -65.3329    118.7465
     2.9874      8.0001      0.1462    -68.5933    117.0018
     3.4874      8.0001      0.1413    -80.0824    119.7453
     3.9874      8.0001      0.1363    -80.0824    119.7453
     4.4874      8.0001      0.1322    -88.6773    107.0805
     4.9874      8.0001      0.1281    -91.0706     99.6588
     5.4875      8.0001      0.1258    -97.3517     98.3219
     5.9875      8.0001      0.1238   -107.7374    109.0005
    -5.5129      8.5001      0.1032     30.3579    109.3089
    -5.0128      8.5001      0.1074     27.5865    107.2053
    -4.5128      8.5001      0.1104     20.0266    109.1260
    -4.0128      8.5001      0.1163     20.7470    100.6063
    -3.5128      8.5001      0.1198     28.9647     95.7937
    -3.0128      8.5001      0.1240     29.7201     95.5739
    -2.5128      8.5001      0.1274     24.0119    104.3287
    -2.0128      8.5001      0.1291     18.0356    106.8374
    -1.5127      8.5001      0.1350      9.6489    111.0742
    -1.0127      8.5001      0.1370      2.7427    114.0194
    -0.5127      8.5001      0.1393     -4.6740    120.9725
    -0.0127      8.5001      0.1397    -17.7421    121.1166
     0.4873      8.5001      0.1394    -30.7648    124.3879
     0.9873      8.5001      0.1411    -39.8163    123.9912
     1.4873      8.5001      0.1383    -50.8903    123.5105
     1.9874      8.5001      0.1361    -60.4845    124.8345
     2.4874      8.5001      0.1327    -62.3961    128.9401
     2.9874      8.5001      0.1291    -69.8464    124.8846
     3.4874      8.5001      0.1285    -80.0824    119.7453
     3.9874      8.5001      0.1247    -81.3360    120.7845
     4.4874      8.5001      0.1207    -83.1844    115.5499
     4.9875      8.5001      0.1170    -91.0706     99.6588
     5.4875      8.5001      0.1145    -97.3517     98.3219
     5.9875      8.5001      0.1158    -97.3517     98.3219
     6.4875      8.5001      0.1174   -115.0239     96.4126
    -5.5129      9.0001      0.0955     30.3579    109.3089
    -5.0129      9.0001      0.0983     14.6220     85.9868
    -4.5128      9.0001      0.1025     14.6220     85.9868
    -4.0128      9.0001      0.1052     22.2325     92.1970
    -3.5128      9.0001      0.1081     28.9647     95.7937
    -3.0128      9.0001      0.1128     29.7201     95.5739
    -2.5128      9.0001      0.1151      4.8914    113.4231
    -2.0128      9.0001      0.1188      4.8914    113.4231
    -1.5127      9.0001      0.1206    -12.1887    119.5735
    -1.0127      9.0001      0.1235      0.0243    111.1693
    -0.5127      9.0001      0.1255     -2.5883    106.9431
    -0.0127      9.0001      0.1242    -10.8334    101.6054
     0.4873      9.0001      0.1262    -23.6123     88.4337
     0.9873      9.0001      0.1263    -33.9797     94.8010
     1.4874      9.0001      0.1241    -43.6187    107.0696
     1.9874      9.0001      0.1216    -51.3128    119.7102
     2.4874      9.0001      0.1203    -62.3961    128.9401
     2.9874      9.0001      0.1194    -69.8464    124.8846
     3.4874      9.0001      0.1177    -69.6952    131.7367
     3.9874      9.0001      0.1152    -76.5753    129.9214
     4.4874      9.0001      0.1106    -82.2656    137.4642
     4.9875      9.0001      0.1082   -104.5008     84.6260
     5.4875      9.0001      0.1066   -104.5008     84.6260
    -5.0129      9.5001      0.0931     14.6220     85.9868
    -4.5128      9.5001      0.0957     14.6220     85.9868
    -4.0128      9.5001      0.0989     22.2325     92.1970
    -3.5128      9.5001      0.1017     22.2325     92.1970
    -3.0128      9.5001      0.1048     29.7201     95.5739
    -2.5128      9.5001      0.1077      4.8914    113.4231
    -2.0128      9.5001      0.1092      4.8914    113.4231
    -1.5127      9.5001      0.1117    -12.1887    119.5735
    -1.0127      9.5001      0.1147    -14.6496    121.5335
    -0.5127      9.5001      0.1149     -2.5883    106.9431
    -0.0127      9.5001      0.1166    -12.0433     87.6607
     0.4873      9.5001      0.1159    -23.6123     88.4337
     0.9873      9.5001      0.1164    -33.9797     94.8010
     1.4874      9.5001      0.1176    -43.6187    107.0696
     1.9874      9.5001      0.1157    -51.3128    119.7102
     2.4874      9.5001      0.1139    -51.3128    119.7102
     2.9874      9.5001      0.1122    -69.6952    131.7367
     3.4874      9.5001      0.1108    -69.6952    131.7367
     3.9874      9.5001      0.1105    -82.2656    137.4642
     4.4875      9.5001      0.1067    -82.2656    137.4642
     5.4875      9.5001      0.1011   -104.5008     84.6260
     1.9874     10.0001      0.1129    -51.3128    119.7102
     4.4875     10.0001      0.1049    -82.2656    137.4642
